2 0.089063 0.383333 0.170313 0.375000
2 0.961328 0.589583 0.077344 0.359722
1 0.896875 0.284028 0.146875 0.273611
1 0.139453 0.127083 0.119531 0.234722
1 0.656641 0.576389 0.121094 0.416667
1 0.274609 0.573611 0.219531 0.297222
0 0.571484 0.326389 0.125781 0.172222
0 0.546875 0.640972 0.154688 0.276389
7 0.363672 0.372222 0.063281 0.113889
7 0.219141 0.334722 0.100781 0.105556
3 0.392578 0.225694 0.205469 0.237500
5 0.724219 0.212500 0.140625 0.161111
5 0.768750 0.364583 0.143750 0.187500
5 0.556250 0.187500 0.129688 0.144444
3 0.430859 0.488194 0.077344 0.118056
3 0.518359 0.484028 0.083594 0.087500
3 0.289062 0.738194 0.112500 0.170833
