2 0.115234 0.696528 0.221094 0.462500
2 0.924219 0.436806 0.151562 0.381944
0 0.602344 0.419444 0.139063 0.188889
0 0.350781 0.508333 0.146875 0.233333
1 0.768359 0.775694 0.175781 0.390278
1 0.472266 0.583333 0.197656 0.336111
1 0.300391 0.200694 0.216406 0.212500
4 0.124609 0.163194 0.114844 0.309722
4 0.562109 0.189583 0.114844 0.340278
1 0.903906 0.181250 0.168750 0.290278
7 0.464453 0.228472 0.080469 0.112500
3 0.329688 0.814583 0.092188 0.168056
3 0.443359 0.425694 0.088281 0.115278
3 0.173828 0.300000 0.082031 0.144444
