1 0.154688 0.120833 0.198437 0.166667
1 0.698047 0.297917 0.236719 0.156944
1 0.932031 0.194444 0.135937 0.213889
4 0.375391 0.466667 0.166406 0.266667
1 0.142969 0.778472 0.229687 0.156944
1 0.575000 0.729167 0.107813 0.308333
2 0.932813 0.602778 0.118750 0.369444
0 0.716797 0.458333 0.108594 0.191667
0 0.496875 0.291667 0.110937 0.141667
5 0.320703 0.124306 0.092969 0.151389
5 0.541797 0.102778 0.166406 0.202778
5 0.510938 0.493750 0.068750 0.123611
3 0.157422 0.419444 0.083594 0.127778
3 0.094531 0.545833 0.060937 0.125000
7 0.339062 0.747222 0.081250 0.122222
7 0.465234 0.586806 0.088281 0.129167
