1 0.122266 0.180556 0.211719 0.158333
1 0.677734 0.281944 0.232031 0.152778
1 0.637109 0.702778 0.153906 0.277778
1 0.201172 0.845833 0.213281 0.152778
1 0.039453 0.657639 0.077344 0.234722
4 0.375781 0.500000 0.110937 0.183333
2 0.942969 0.511111 0.104688 0.311111
0 0.721094 0.440278 0.110937 0.177778
1 0.898047 0.115972 0.135156 0.173611
5 0.512109 0.106250 0.153906 0.154167
5 0.295312 0.180556 0.092188 0.155556
5 0.354297 0.304861 0.092969 0.118056
7 0.484375 0.603472 0.095312 0.115278
7 0.391406 0.784722 0.059375 0.080556
3 0.160547 0.509722 0.075781 0.169444
3 0.117578 0.634028 0.058594 0.131944
3 0.829688 0.304861 0.060937 0.137500
3 0.614062 0.466667 0.089063 0.163889
5 0.528516 0.490972 0.085156 0.145833
