2 0.198828 0.085417 0.244531 0.168056
2 0.936328 0.364583 0.127344 0.295833
1 0.094531 0.277778 0.187500 0.169444
1 0.638672 0.240972 0.222656 0.184722
1 0.269141 0.904167 0.244531 0.191667
1 0.051172 0.770139 0.096094 0.273611
0 0.050000 0.479861 0.090625 0.248611
0 0.473828 0.307639 0.099219 0.134722
0 0.727344 0.386806 0.106250 0.143056
1 0.683594 0.687500 0.173437 0.277778
4 0.399219 0.550000 0.139063 0.275000
5 0.417187 0.128472 0.078125 0.195833
5 0.514453 0.122222 0.082031 0.197222
5 0.352344 0.343750 0.104688 0.137500
5 0.271875 0.236111 0.081250 0.133333
3 0.180078 0.600000 0.074219 0.147222
3 0.162500 0.752083 0.106250 0.170833
7 0.511719 0.613889 0.078125 0.119444
7 0.464844 0.816667 0.082812 0.083333
3 0.627734 0.476389 0.060156 0.108333
3 0.814063 0.227083 0.081250 0.101389
