2 0.093750 0.603472 0.181250 0.404167
2 0.915234 0.493056 0.149219 0.347222
0 0.592969 0.443750 0.128125 0.204167
0 0.338281 0.497917 0.143750 0.262500
0 0.894531 0.056250 0.170313 0.109722
1 0.317578 0.179167 0.191406 0.183333
1 0.432031 0.598611 0.218750 0.316667
1 0.910937 0.223611 0.157812 0.255556
1 0.723828 0.799306 0.149219 0.309722
5 0.480078 0.329167 0.086719 0.125000
5 0.689453 0.322917 0.085156 0.120833
5 0.671094 0.149306 0.090625 0.154167
5 0.152344 0.350000 0.087500 0.136111
5 0.237109 0.613889 0.069531 0.136111
5 0.373437 0.845139 0.132812 0.170833
