2 0.082812 0.425000 0.162500 0.341667
2 0.895312 0.706250 0.195312 0.401389
1 0.392969 0.556944 0.234375 0.225000
1 0.133203 0.865278 0.227344 0.213889
1 0.378516 0.117361 0.169531 0.220833
1 0.593359 0.852778 0.213281 0.252778
1 0.930078 0.403472 0.122656 0.159722
0 0.590625 0.461111 0.145313 0.169444
0 0.320312 0.412500 0.134375 0.202778
0 0.954688 0.181944 0.085938 0.169444
0 0.051562 0.159028 0.101562 0.190278
5 0.190625 0.225000 0.065625 0.097222
5 0.697656 0.402083 0.075000 0.137500
5 0.729688 0.211806 0.084375 0.112500
5 0.397266 0.759722 0.124219 0.211111
5 0.499219 0.311111 0.082812 0.138889
