4 0.621875 0.229861 0.114062 0.270833
2 0.085547 0.384028 0.161719 0.276389
2 0.907031 0.705556 0.171875 0.313889
1 0.378516 0.565278 0.214844 0.225000
1 0.129297 0.854861 0.225781 0.220833
1 0.587109 0.869444 0.214844 0.238889
1 0.385937 0.109028 0.178125 0.215278
1 0.930859 0.413889 0.125781 0.183333
0 0.055078 0.131944 0.103906 0.158333
0 0.321875 0.377778 0.118750 0.138889
0 0.581641 0.466667 0.114844 0.155556
0 0.954297 0.195833 0.082031 0.161111
3 0.831250 0.112500 0.100000 0.127778
3 0.422656 0.345139 0.076563 0.168056
3 0.211719 0.640972 0.067187 0.098611
7 0.533984 0.209722 0.067969 0.069444
7 0.556641 0.051389 0.063281 0.072222
5 0.810937 0.464583 0.096875 0.145833
5 0.687109 0.404167 0.075781 0.119444
5 0.287109 0.751389 0.116406 0.116667
5 0.733984 0.225694 0.086719 0.118056
5 0.190625 0.215972 0.068750 0.098611
