2 0.202344 0.078472 0.220312 0.140278
2 0.944922 0.384722 0.110156 0.305556
1 0.678516 0.674306 0.171094 0.251389
1 0.644141 0.258333 0.213281 0.163889
1 0.097266 0.259028 0.192969 0.176389
0 0.040234 0.459028 0.078906 0.204167
0 0.472266 0.318750 0.117969 0.162500
1 0.836328 0.070139 0.177344 0.112500
1 0.292578 0.898611 0.225781 0.202778
1 0.060156 0.788194 0.098437 0.293056
3 0.174609 0.596528 0.055469 0.156944
3 0.150781 0.729167 0.068750 0.091667
3 0.628906 0.470139 0.068750 0.090278
3 0.812109 0.243056 0.046094 0.097222
5 0.415234 0.121528 0.089844 0.176389
5 0.512891 0.108333 0.080469 0.172222
5 0.269141 0.240278 0.103906 0.175000
5 0.357812 0.356250 0.073438 0.140278
5 0.537891 0.473611 0.066406 0.127778
7 0.508594 0.605556 0.089063 0.097222
7 0.447656 0.814583 0.070312 0.079167
