2 0.083594 0.465972 0.157812 0.393056
2 0.958984 0.475000 0.077344 0.347222
1 0.892188 0.238194 0.189062 0.281944
1 0.674219 0.531250 0.150000 0.345833
1 0.126953 0.204167 0.169531 0.294444
1 0.283203 0.606250 0.205469 0.304167
4 0.390234 0.255556 0.246094 0.194444
4 0.146484 0.847222 0.271094 0.230556
0 0.580078 0.654861 0.150781 0.298611
0 0.567578 0.329167 0.127344 0.202778
5 0.707031 0.163194 0.128125 0.154167
5 0.750000 0.336111 0.148438 0.255556
7 0.363672 0.392361 0.072656 0.112500
7 0.199219 0.393750 0.068750 0.134722
3 0.448828 0.528472 0.091406 0.151389
3 0.528906 0.494444 0.071875 0.091667
3 0.332422 0.776389 0.094531 0.138889
