2 0.070703 0.416667 0.139844 0.361111
2 0.955859 0.511806 0.088281 0.340278
1 0.657813 0.510417 0.126562 0.293056
1 0.896875 0.255556 0.156250 0.266667
1 0.129688 0.159028 0.139063 0.262500
1 0.268359 0.608333 0.205469 0.300000
4 0.385156 0.238194 0.209375 0.190278
0 0.564844 0.333333 0.126562 0.200000
0 0.570703 0.653472 0.174219 0.295833
7 0.359375 0.380556 0.059375 0.122222
7 0.201563 0.372917 0.090625 0.145833
5 0.713281 0.201389 0.134375 0.166667
5 0.757031 0.334028 0.148438 0.209722
5 0.788672 0.538889 0.133594 0.177778
5 0.467187 0.404861 0.156250 0.137500
3 0.314063 0.771528 0.114062 0.173611
3 0.433203 0.514583 0.074219 0.145833
3 0.341797 0.056944 0.089844 0.094444
3 0.905859 0.060417 0.096094 0.101389
