2 0.098828 0.596528 0.188281 0.351389
2 0.936719 0.655556 0.126562 0.383333
1 0.182812 0.141667 0.078125 0.269444
1 0.466016 0.179861 0.066406 0.295833
1 0.783594 0.361806 0.212500 0.218056
1 0.835547 0.807639 0.099219 0.273611
7 0.803906 0.641667 0.076563 0.097222
1 0.232813 0.820139 0.114062 0.318056
4 0.585547 0.543750 0.132031 0.243056
4 0.041797 0.192361 0.080469 0.304167
4 0.957422 0.288889 0.078906 0.175000
0 0.435156 0.420139 0.128125 0.173611
0 0.593750 0.193750 0.123438 0.126389
0 0.893750 0.037500 0.126562 0.072222
5 0.268750 0.373611 0.157812 0.175000
5 0.309375 0.247222 0.151562 0.127778
3 0.576562 0.301389 0.093750 0.116667
3 0.654687 0.315972 0.075000 0.131944
3 0.825000 0.194444 0.089063 0.130556
