2 0.125000 0.756944 0.237500 0.422222
2 0.922266 0.363889 0.152344 0.375000
1 0.798047 0.709028 0.144531 0.329167
1 0.489063 0.631250 0.168750 0.356944
1 0.892969 0.110417 0.142187 0.218056
4 0.545312 0.163194 0.120313 0.279167
4 0.095703 0.180556 0.127344 0.277778
1 0.272266 0.229861 0.216406 0.162500
7 0.444141 0.218750 0.086719 0.098611
7 0.394922 0.077083 0.075781 0.093056
0 0.613281 0.425694 0.170313 0.220833
0 0.360547 0.537500 0.161719 0.263889
5 0.703516 0.615278 0.174219 0.200000
5 0.770703 0.502083 0.155469 0.190278
5 0.258203 0.886806 0.150781 0.220833
