1 0.675781 0.302778 0.200000 0.155556
2 0.942187 0.538194 0.100000 0.281944
1 0.141797 0.138889 0.191406 0.138889
1 0.168750 0.809028 0.217188 0.165278
1 0.032813 0.616667 0.064062 0.311111
1 0.598828 0.750000 0.157031 0.316667
4 0.383203 0.498611 0.163281 0.252778
0 0.499219 0.295833 0.128125 0.175000
0 0.721875 0.471528 0.120313 0.212500
3 0.164453 0.446528 0.091406 0.134722
3 0.107422 0.589583 0.077344 0.134722
3 0.850000 0.347222 0.071875 0.119444
5 0.527344 0.106944 0.179688 0.172222
5 0.368750 0.295833 0.085938 0.152778
5 0.310156 0.145833 0.100000 0.133333
