2 0.102734 0.624306 0.199219 0.354167
2 0.946875 0.606250 0.100000 0.306944
1 0.177734 0.174306 0.086719 0.315278
1 0.464844 0.174306 0.068750 0.281944
1 0.788281 0.349306 0.195312 0.226389
1 0.254688 0.833333 0.103125 0.308333
1 0.865234 0.836806 0.124219 0.326389
4 0.585547 0.542361 0.121094 0.220833
4 0.037500 0.211111 0.064062 0.275000
4 0.946094 0.251389 0.082812 0.191667
0 0.439063 0.412500 0.117188 0.136111
0 0.580859 0.186806 0.113281 0.118056
0 0.885938 0.028472 0.128125 0.054167
5 0.299219 0.270139 0.139063 0.131944
5 0.275781 0.400694 0.146875 0.170833
5 0.429688 0.568750 0.100000 0.159722
5 0.601953 0.398611 0.094531 0.108333
