1 0.119531 0.202778 0.214062 0.144444
1 0.671484 0.254861 0.221094 0.118056
1 0.219141 0.870139 0.249219 0.201389
1 0.038281 0.692361 0.068750 0.290278
1 0.651172 0.711806 0.146094 0.251389
4 0.390234 0.527778 0.166406 0.308333
0 0.491797 0.308333 0.107031 0.150000
0 0.727344 0.429167 0.129688 0.197222
2 0.939844 0.460417 0.084375 0.273611
1 0.904687 0.099306 0.173437 0.170833
5 0.469141 0.101389 0.114844 0.172222
5 0.284375 0.196528 0.089063 0.148611
5 0.262891 0.482639 0.074219 0.137500
5 0.532813 0.497917 0.090625 0.165278
7 0.495703 0.610417 0.061719 0.098611
7 0.410156 0.789583 0.085938 0.056944
4 0.803125 0.891667 0.082812 0.200000
