2 0.120313 0.772917 0.239063 0.443056
2 0.916406 0.379167 0.167187 0.419444
1 0.886328 0.131250 0.139844 0.243056
1 0.492188 0.607639 0.184375 0.323611
1 0.275000 0.224306 0.229687 0.145833
4 0.541406 0.182639 0.110937 0.318056
4 0.090234 0.181944 0.105469 0.275000
0 0.367578 0.539583 0.147656 0.259722
0 0.606641 0.411806 0.139844 0.206944
7 0.445312 0.218750 0.089063 0.115278
3 0.169531 0.354167 0.093750 0.172222
3 0.382812 0.338889 0.057813 0.105556
3 0.367969 0.841667 0.089063 0.152778
5 0.629297 0.116667 0.100781 0.175000
5 0.783594 0.238194 0.095312 0.168056
5 0.706250 0.609028 0.165625 0.220833
5 0.756250 0.477083 0.132812 0.201389
5 0.656641 0.807639 0.099219 0.148611
