2 0.108203 0.643056 0.191406 0.413889
2 0.948828 0.619444 0.094531 0.300000
1 0.185938 0.178472 0.084375 0.331944
1 0.466797 0.196528 0.071094 0.301389
1 0.801562 0.355556 0.198437 0.222222
1 0.241406 0.818750 0.106250 0.281944
1 0.844922 0.817361 0.099219 0.293056
4 0.057031 0.224306 0.112500 0.270833
4 0.950781 0.271528 0.090625 0.198611
4 0.575391 0.556250 0.121094 0.201389
0 0.440234 0.420139 0.111719 0.154167
0 0.587109 0.186806 0.119531 0.109722
0 0.887109 0.028472 0.127344 0.054167
5 0.306641 0.252083 0.150781 0.112500
5 0.275391 0.393750 0.146094 0.173611
5 0.596094 0.400694 0.096875 0.112500
3 0.574219 0.301389 0.081250 0.097222
3 0.652734 0.315972 0.074219 0.126389
3 0.823438 0.182639 0.078125 0.101389
