2 0.103125 0.667361 0.198437 0.456944
2 0.926953 0.475000 0.146094 0.413889
4 0.564453 0.181250 0.099219 0.306944
4 0.130078 0.125000 0.085156 0.247222
1 0.287109 0.201389 0.197656 0.180556
1 0.925000 0.176389 0.142187 0.252778
1 0.467578 0.609722 0.183594 0.302778
0 0.601953 0.443056 0.136719 0.208333
0 0.344531 0.511111 0.140625 0.227778
5 0.692969 0.309722 0.115625 0.133333
3 0.447266 0.437500 0.075781 0.163889
7 0.463672 0.215972 0.063281 0.106944
7 0.446094 0.053472 0.084375 0.087500
3 0.187109 0.286806 0.088281 0.151389
