2 0.935937 0.596528 0.107813 0.276389
1 0.169531 0.115278 0.192188 0.163889
1 0.138281 0.760417 0.218750 0.145833
1 0.918750 0.189583 0.107813 0.218056
1 0.705469 0.288194 0.231250 0.151389
1 0.582031 0.731944 0.146875 0.308333
4 0.367578 0.483333 0.183594 0.283333
0 0.500000 0.300694 0.110937 0.165278
0 0.714844 0.475694 0.121875 0.223611
7 0.453906 0.573611 0.068750 0.091667
7 0.336328 0.757639 0.078906 0.095833
3 0.154297 0.420833 0.097656 0.152778
3 0.086719 0.534722 0.054688 0.119444
3 0.594141 0.471528 0.091406 0.134722
3 0.861328 0.387500 0.061719 0.152778
5 0.594531 0.102778 0.078125 0.155556
5 0.495312 0.104167 0.081250 0.177778
5 0.323828 0.136111 0.103906 0.161111
5 0.385547 0.282639 0.103906 0.137500
