2 0.201953 0.068750 0.196094 0.118056
2 0.942187 0.393056 0.109375 0.288889
1 0.651953 0.243750 0.211719 0.118056
1 0.103125 0.250000 0.200000 0.180556
1 0.060547 0.764583 0.119531 0.323611
1 0.257812 0.904167 0.246875 0.191667
1 0.668750 0.696528 0.151562 0.284722
4 0.408594 0.543056 0.146875 0.311111
0 0.478516 0.303472 0.117969 0.179167
5 0.269922 0.211806 0.096094 0.159722
5 0.357031 0.349306 0.104688 0.165278
5 0.283203 0.534028 0.107031 0.168056
5 0.535156 0.484028 0.098437 0.143056
7 0.518359 0.593750 0.092969 0.081944
7 0.439453 0.806250 0.052344 0.073611
3 0.175000 0.581944 0.075000 0.144444
3 0.155469 0.711806 0.071875 0.115278
3 0.816406 0.268056 0.078125 0.152778
0 0.721484 0.397917 0.113281 0.184722
0 0.044531 0.452083 0.079687 0.201389
5 0.437891 0.109722 0.124219 0.188889
