2 0.108594 0.647917 0.200000 0.381944
2 0.952344 0.575000 0.095312 0.333333
1 0.875000 0.802778 0.114062 0.275000
1 0.269531 0.845139 0.087500 0.301389
1 0.458203 0.184722 0.064844 0.263889
1 0.784375 0.327778 0.198437 0.227778
1 0.177344 0.188889 0.093750 0.350000
4 0.038672 0.240278 0.069531 0.311111
4 0.587109 0.557639 0.097656 0.184722
4 0.952344 0.248611 0.090625 0.169444
0 0.576953 0.182639 0.116406 0.106944
0 0.448828 0.418056 0.107031 0.147222
0 0.440234 0.929861 0.142969 0.118056
5 0.298438 0.329861 0.126562 0.240278
5 0.105078 0.401389 0.099219 0.097222
5 0.377344 0.172917 0.087500 0.126389
5 0.562891 0.719444 0.080469 0.141667
7 0.811328 0.615278 0.052344 0.077778
5 0.595703 0.404167 0.086719 0.108333
3 0.592578 0.299306 0.099219 0.090278
3 0.580078 0.910417 0.067969 0.137500
3 0.816406 0.161111 0.073438 0.113889
