4 0.100781 0.153472 0.090625 0.273611
4 0.558984 0.175000 0.119531 0.311111
1 0.883594 0.140972 0.156250 0.243056
1 0.780859 0.749306 0.128906 0.359722
1 0.479687 0.638889 0.200000 0.350000
2 0.116016 0.748611 0.225781 0.502778
2 0.916016 0.438889 0.167969 0.444444
0 0.615625 0.432639 0.165625 0.226389
0 0.358203 0.524306 0.155469 0.248611
7 0.452734 0.204167 0.078906 0.097222
7 0.416406 0.079167 0.082812 0.111111
3 0.390234 0.340278 0.061719 0.127778
3 0.445312 0.462500 0.082812 0.166667
3 0.340625 0.819444 0.100000 0.150000
3 0.168359 0.313889 0.085156 0.138889
