2 0.126562 0.221528 0.243750 0.351389
2 0.906250 0.190972 0.179688 0.337500
1 0.755469 0.586111 0.217188 0.247222
1 0.592969 0.206944 0.195312 0.250000
1 0.095312 0.487500 0.189062 0.294444
4 0.464844 0.569444 0.093750 0.358333
0 0.451953 0.332639 0.141406 0.148611
0 0.690625 0.295833 0.128125 0.188889
0 0.087109 0.744444 0.157031 0.319444
5 0.337109 0.184028 0.122656 0.218056
5 0.428125 0.144444 0.123438 0.213889
5 0.356250 0.439583 0.117188 0.198611
5 0.346094 0.656944 0.104688 0.200000
3 0.272656 0.746528 0.085938 0.170833
3 0.289062 0.906250 0.120313 0.170833
3 0.608594 0.358333 0.065625 0.097222
