2 0.077734 0.477083 0.146094 0.368056
2 0.910156 0.662500 0.176563 0.416667
0 0.327734 0.434028 0.122656 0.201389
0 0.583594 0.474306 0.118750 0.218056
0 0.043359 0.188194 0.078906 0.179167
0 0.937109 0.159722 0.108594 0.186111
1 0.367578 0.122222 0.205469 0.202778
1 0.389844 0.572917 0.225000 0.256944
1 0.158984 0.892361 0.241406 0.176389
1 0.630859 0.849306 0.235156 0.262500
4 0.608203 0.197222 0.114844 0.288889
5 0.812109 0.429861 0.100781 0.159722
5 0.178125 0.260417 0.065625 0.084722
5 0.306250 0.777083 0.137500 0.170833
5 0.717187 0.194444 0.090625 0.133333
5 0.499219 0.320833 0.107813 0.155556
7 0.515625 0.210417 0.078125 0.095833
3 0.801953 0.098611 0.097656 0.152778
3 0.413281 0.347222 0.071875 0.211111
3 0.236328 0.154167 0.078906 0.102778
3 0.229687 0.693056 0.095312 0.161111
