2 0.066016 0.556250 0.119531 0.398611
2 0.916016 0.582639 0.167969 0.395833
1 0.917578 0.289583 0.152344 0.254167
1 0.316797 0.145833 0.163281 0.183333
1 0.429688 0.585417 0.181250 0.279167
0 0.597266 0.464583 0.125781 0.181944
0 0.023047 0.279861 0.044531 0.165278
4 0.590625 0.179861 0.078125 0.243056
5 0.696875 0.183333 0.070312 0.155556
5 0.708203 0.367361 0.092969 0.165278
5 0.155859 0.309028 0.074219 0.093056
3 0.262891 0.734028 0.091406 0.165278
3 0.402734 0.314583 0.071094 0.148611
7 0.494922 0.209722 0.074219 0.116667
5 0.616406 0.663889 0.142187 0.202778
