2 0.095312 0.598611 0.182812 0.450000
2 0.917188 0.550000 0.160938 0.380556
0 0.597266 0.448611 0.146094 0.211111
0 0.332813 0.466667 0.150000 0.233333
0 0.033984 0.282639 0.058594 0.181944
4 0.585938 0.181944 0.095312 0.286111
4 0.164453 0.091667 0.074219 0.150000
5 0.493750 0.317361 0.104688 0.143056
5 0.686328 0.163889 0.085156 0.141667
5 0.458203 0.760417 0.114844 0.190278
5 0.156641 0.324306 0.082031 0.109722
5 0.695703 0.356944 0.103906 0.175000
5 0.841406 0.145833 0.084375 0.158333
0 0.908594 0.088194 0.137500 0.156944
1 0.300781 0.142361 0.150000 0.162500
7 0.496875 0.223611 0.078125 0.102778
7 0.484766 0.063194 0.086719 0.109722
3 0.267969 0.752778 0.089063 0.141667
3 0.202734 0.211111 0.082031 0.127778
3 0.442969 0.394444 0.095312 0.083333
3 0.747266 0.062500 0.066406 0.113889
