2 0.110937 0.694444 0.210938 0.475000
2 0.916797 0.447222 0.152344 0.388889
1 0.913281 0.169444 0.153125 0.263889
1 0.292969 0.204861 0.203125 0.195833
1 0.473438 0.610417 0.185938 0.298611
1 0.761719 0.753472 0.170313 0.345833
0 0.612109 0.431944 0.138281 0.194444
0 0.358984 0.506944 0.127344 0.222222
4 0.561328 0.180556 0.091406 0.302778
7 0.466406 0.228472 0.079687 0.123611
7 0.433594 0.078472 0.079687 0.101389
5 0.695312 0.322917 0.120313 0.165278
5 0.488281 0.350694 0.132812 0.179167
5 0.144531 0.418056 0.084375 0.122222
5 0.257422 0.643750 0.071094 0.115278
5 0.212891 0.861111 0.147656 0.225000
5 0.421875 0.862500 0.128125 0.161111
