2 0.076953 0.530556 0.146094 0.355556
2 0.927344 0.563889 0.145313 0.344444
0 0.589453 0.446528 0.114844 0.187500
0 0.328516 0.446528 0.139844 0.195833
1 0.419141 0.601389 0.210156 0.263889
1 0.336328 0.128472 0.188281 0.162500
1 0.928906 0.292361 0.132812 0.231944
1 0.685156 0.833333 0.176563 0.269444
4 0.587500 0.203472 0.073438 0.306944
7 0.499609 0.215972 0.074219 0.076389
5 0.703906 0.373611 0.090625 0.150000
5 0.696094 0.177778 0.085938 0.144444
5 0.164062 0.307639 0.076563 0.090278
5 0.489844 0.325000 0.076563 0.144444
3 0.426172 0.402778 0.055469 0.094444
3 0.266406 0.721528 0.093750 0.156944
4 0.180469 0.054167 0.082812 0.105556
