2 0.942969 0.529861 0.110937 0.331944
1 0.122266 0.161806 0.205469 0.134722
1 0.673047 0.276389 0.222656 0.136111
1 0.919531 0.116667 0.148438 0.161111
1 0.616797 0.702083 0.147656 0.262500
1 0.192969 0.831250 0.193750 0.148611
1 0.039844 0.659028 0.070312 0.295833
4 0.371875 0.500694 0.150000 0.256944
0 0.738281 0.432639 0.151562 0.165278
0 0.491016 0.324306 0.085156 0.176389
5 0.296094 0.169444 0.084375 0.150000
5 0.508984 0.109722 0.171094 0.180556
5 0.521094 0.476389 0.089063 0.122222
7 0.483984 0.604861 0.078906 0.112500
7 0.391797 0.781944 0.083594 0.086111
3 0.840234 0.317361 0.044531 0.101389
3 0.153516 0.491667 0.078906 0.152778
