2 0.112500 0.656944 0.217188 0.383333
2 0.950781 0.593056 0.098437 0.377778
1 0.169922 0.193750 0.097656 0.345833
1 0.450781 0.183333 0.073438 0.288889
1 0.274219 0.838194 0.114062 0.301389
1 0.869531 0.791667 0.118750 0.325000
1 0.786328 0.331250 0.200781 0.243056
0 0.452344 0.426389 0.140625 0.186111
0 0.573438 0.193750 0.120313 0.145833
0 0.444141 0.923611 0.152344 0.116667
5 0.273047 0.406250 0.161719 0.179167
5 0.315625 0.622222 0.114062 0.141667
5 0.294141 0.275694 0.132031 0.115278
5 0.580469 0.718750 0.134375 0.140278
5 0.439844 0.586806 0.128125 0.209722
7 0.675391 0.491667 0.064844 0.094444
4 0.046094 0.254167 0.082812 0.319444
4 0.580078 0.531250 0.110156 0.212500
4 0.942578 0.230556 0.094531 0.208333
