2 0.103906 0.584028 0.196875 0.365278
2 0.943750 0.658333 0.112500 0.350000
1 0.192188 0.158333 0.093750 0.305556
1 0.232031 0.823611 0.117188 0.316667
1 0.818750 0.834722 0.084375 0.266667
1 0.796875 0.368750 0.214062 0.195833
1 0.475000 0.187500 0.089063 0.302778
0 0.445703 0.411111 0.122656 0.152778
0 0.598047 0.189583 0.124219 0.120833
0 0.903906 0.045833 0.129688 0.083333
7 0.666797 0.509722 0.075781 0.091667
3 0.849609 0.216667 0.114844 0.163889
3 0.573047 0.313194 0.072656 0.123611
3 0.539844 0.927778 0.062500 0.138889
5 0.270313 0.367361 0.157812 0.176389
5 0.424609 0.565278 0.103906 0.158333
5 0.297656 0.577083 0.125000 0.162500
