2 0.108203 0.625000 0.207031 0.433333
2 0.937109 0.651389 0.125781 0.363889
1 0.185156 0.162500 0.095312 0.322222
1 0.476562 0.175694 0.068750 0.279167
1 0.236328 0.828472 0.113281 0.331944
1 0.833984 0.858333 0.102344 0.283333
7 0.660156 0.515278 0.067187 0.100000
3 0.579297 0.297222 0.082031 0.091667
3 0.654297 0.324306 0.066406 0.126389
3 0.833594 0.198611 0.089063 0.125000
3 0.549609 0.929167 0.077344 0.141667
4 0.054688 0.197222 0.100000 0.305556
4 0.949609 0.285417 0.077344 0.193056
4 0.573828 0.542361 0.102344 0.212500
0 0.444531 0.409722 0.120313 0.158333
0 0.587500 0.185417 0.112500 0.131944
0 0.898047 0.036806 0.125781 0.070833
5 0.273828 0.379167 0.161719 0.172222
5 0.312891 0.252778 0.138281 0.147222
5 0.426953 0.570833 0.110156 0.191667
5 0.287500 0.588194 0.126562 0.162500
5 0.712891 0.816667 0.092969 0.227778
