2 0.920703 0.445833 0.152344 0.327778
2 0.095312 0.654861 0.184375 0.404167
4 0.565234 0.181250 0.089844 0.304167
4 0.136719 0.119444 0.092188 0.236111
0 0.350781 0.511806 0.150000 0.237500
0 0.600391 0.435417 0.150781 0.206944
5 0.694922 0.327083 0.114844 0.165278
5 0.475391 0.328472 0.080469 0.140278
5 0.653906 0.147917 0.085938 0.145833
5 0.508594 0.764583 0.115625 0.170833
5 0.664844 0.651389 0.150000 0.230556
5 0.749609 0.544444 0.144531 0.230556
3 0.183984 0.271528 0.064844 0.123611
3 0.394531 0.320833 0.062500 0.116667
3 0.441406 0.426389 0.071875 0.119444
3 0.309766 0.786111 0.099219 0.144444
