2 0.092188 0.429861 0.181250 0.345833
2 0.893359 0.676389 0.163281 0.316667
1 0.388281 0.565278 0.214062 0.233333
1 0.376563 0.116667 0.175000 0.200000
1 0.932813 0.409028 0.117188 0.170833
1 0.146484 0.867361 0.197656 0.206944
1 0.593359 0.872222 0.211719 0.255556
4 0.607812 0.215972 0.092188 0.284722
0 0.584766 0.456250 0.136719 0.179167
0 0.953125 0.186806 0.093750 0.179167
0 0.323828 0.413889 0.116406 0.177778
0 0.051172 0.155556 0.100781 0.186111
7 0.525000 0.214583 0.076563 0.087500
7 0.553516 0.059028 0.069531 0.093056
3 0.816406 0.115278 0.104688 0.175000
3 0.217969 0.649306 0.076563 0.123611
3 0.241016 0.137500 0.078906 0.100000
3 0.429297 0.350000 0.078906 0.183333
