1 0.112500 0.136806 0.129688 0.215278
1 0.662891 0.500000 0.127344 0.269444
1 0.891406 0.218750 0.164062 0.184722
1 0.294141 0.605556 0.175781 0.302778
2 0.083594 0.456250 0.160938 0.390278
2 0.960547 0.494444 0.075781 0.358333
1 0.944922 0.820139 0.107031 0.359722
5 0.717969 0.186111 0.134375 0.175000
5 0.755859 0.320833 0.121094 0.219444
4 0.382031 0.245139 0.231250 0.209722
4 0.126172 0.802778 0.246094 0.219444
3 0.446484 0.511806 0.082031 0.145833
3 0.541797 0.490278 0.103906 0.091667
7 0.374219 0.404861 0.095312 0.179167
7 0.205859 0.388194 0.083594 0.156944
5 0.235156 0.181250 0.100000 0.248611
