2 0.119141 0.183333 0.219531 0.294444
2 0.915234 0.202083 0.157031 0.290278
2 0.730859 0.913889 0.192969 0.163889
1 0.748047 0.595833 0.216406 0.216667
1 0.088672 0.425694 0.164844 0.173611
1 0.590234 0.213889 0.188281 0.241667
1 0.139063 0.920139 0.123438 0.134722
5 0.350781 0.168056 0.098437 0.155556
5 0.444141 0.138194 0.110156 0.193056
5 0.342578 0.427083 0.088281 0.168056
5 0.242188 0.518750 0.114062 0.112500
5 0.560937 0.481944 0.089063 0.147222
0 0.713281 0.310417 0.065625 0.123611
0 0.072266 0.677778 0.116406 0.219444
0 0.450000 0.351389 0.093750 0.161111
4 0.455859 0.580556 0.086719 0.244444
4 0.953516 0.747222 0.083594 0.252778
7 0.569531 0.611806 0.073438 0.073611
7 0.591016 0.830556 0.078906 0.113889
3 0.260156 0.792361 0.085938 0.226389
3 0.655469 0.425694 0.067187 0.109722
3 0.889844 0.499306 0.073438 0.106944
