1 0.105859 0.239583 0.200781 0.168056
2 0.950781 0.408333 0.098437 0.236111
2 0.233594 0.070833 0.240625 0.130556
5 0.432031 0.112500 0.090625 0.191667
5 0.523438 0.115972 0.079687 0.193056
4 0.391016 0.502778 0.124219 0.277778
3 0.149609 0.583333 0.075781 0.202778
3 0.613672 0.407639 0.057031 0.095833
3 0.823828 0.268056 0.078906 0.125000
1 0.673438 0.252778 0.234375 0.130556
1 0.876172 0.089583 0.192969 0.154167
7 0.493750 0.598611 0.053125 0.086111
5 0.267578 0.694444 0.142969 0.144444
7 0.436328 0.802778 0.085156 0.069444
