2 0.082812 0.351389 0.157812 0.311111
2 0.961328 0.609722 0.077344 0.372222
2 0.525000 0.918750 0.312500 0.162500
1 0.661328 0.547222 0.125781 0.319444
1 0.253125 0.551389 0.195312 0.277778
1 0.162109 0.117361 0.141406 0.231944
4 0.390234 0.240278 0.177344 0.205556
4 0.103906 0.740972 0.189062 0.215278
0 0.572656 0.342361 0.114062 0.168056
0 0.546484 0.635417 0.149219 0.265278
5 0.730469 0.218750 0.137500 0.159722
5 0.771484 0.374306 0.175781 0.198611
5 0.450391 0.391667 0.107031 0.127778
5 0.258984 0.148611 0.085156 0.269444
5 0.542188 0.177778 0.110937 0.108333
5 0.407031 0.643056 0.125000 0.247222
