2 0.119922 0.177083 0.230469 0.293056
2 0.912109 0.203472 0.175781 0.340278
1 0.593359 0.202778 0.178906 0.241667
1 0.088672 0.485417 0.164844 0.268056
1 0.759375 0.610417 0.235937 0.259722
1 0.498047 0.923611 0.150781 0.152778
1 0.165234 0.924306 0.192969 0.151389
0 0.466406 0.328472 0.157812 0.137500
0 0.701562 0.313194 0.137500 0.190278
4 0.457031 0.579167 0.115625 0.377778
5 0.339062 0.173611 0.101562 0.188889
5 0.433984 0.131250 0.132031 0.201389
5 0.344922 0.436111 0.102344 0.202778
5 0.337891 0.639583 0.113281 0.170833
3 0.267578 0.742361 0.088281 0.168056
3 0.280469 0.881944 0.100000 0.138889
7 0.572656 0.598611 0.085938 0.111111
7 0.587109 0.827778 0.074219 0.094444
4 0.954297 0.696528 0.091406 0.281944
