2 0.119922 0.170139 0.232031 0.293056
2 0.917188 0.204167 0.153125 0.244444
0 0.464062 0.347917 0.117188 0.162500
0 0.706641 0.307639 0.130469 0.148611
1 0.746094 0.628472 0.198437 0.248611
1 0.080469 0.431250 0.159375 0.251389
1 0.141406 0.909028 0.165625 0.181944
1 0.467969 0.922917 0.128125 0.154167
7 0.567187 0.602778 0.093750 0.083333
7 0.571484 0.815972 0.080469 0.051389
0 0.060937 0.658333 0.109375 0.252778
5 0.354687 0.163889 0.093750 0.186111
5 0.348828 0.418750 0.091406 0.159722
5 0.242188 0.329861 0.095312 0.168056
5 0.323828 0.629167 0.089844 0.163889
3 0.240625 0.704167 0.068750 0.136111
3 0.166406 0.779167 0.071875 0.111111
3 0.254688 0.854167 0.079687 0.100000
