2 0.113281 0.740972 0.214062 0.501389
2 0.914062 0.422222 0.148438 0.380556
1 0.904297 0.164583 0.146094 0.287500
1 0.478516 0.612500 0.188281 0.352778
1 0.773438 0.793056 0.160938 0.413889
1 0.285938 0.205556 0.206250 0.163889
0 0.611328 0.422222 0.158594 0.213889
0 0.354687 0.538889 0.154688 0.280556
7 0.461719 0.217361 0.096875 0.101389
7 0.422656 0.071528 0.098437 0.101389
3 0.339453 0.816667 0.102344 0.166667
3 0.171875 0.317361 0.070312 0.134722
4 0.569141 0.203472 0.119531 0.340278
4 0.117969 0.142361 0.118750 0.234722
