2 0.123047 0.208333 0.239844 0.308333
2 0.905859 0.202083 0.178906 0.340278
1 0.600781 0.197222 0.179688 0.222222
1 0.093750 0.493750 0.185938 0.284722
1 0.779687 0.590278 0.253125 0.247222
1 0.512109 0.931944 0.130469 0.136111
1 0.155469 0.914583 0.146875 0.118056
4 0.456250 0.556250 0.087500 0.318056
4 0.948047 0.715278 0.100781 0.350000
0 0.448828 0.338889 0.141406 0.138889
0 0.699219 0.297222 0.151562 0.172222
0 0.077734 0.727083 0.144531 0.304167
5 0.344531 0.172917 0.135937 0.168056
5 0.417187 0.113194 0.096875 0.165278
5 0.351953 0.447917 0.105469 0.218056
5 0.231250 0.333333 0.106250 0.141667
5 0.344922 0.661111 0.108594 0.208333
3 0.260937 0.742361 0.092188 0.168056
