2 0.089453 0.454861 0.169531 0.370833
2 0.908984 0.682639 0.174219 0.415278
0 0.330859 0.413194 0.132031 0.179167
0 0.588672 0.461111 0.136719 0.175000
0 0.052734 0.176389 0.092969 0.183333
0 0.947656 0.168750 0.104688 0.193056
1 0.364844 0.122222 0.190625 0.227778
1 0.392578 0.567361 0.225781 0.237500
1 0.150781 0.887500 0.239063 0.225000
1 0.607031 0.868056 0.256250 0.263889
1 0.930469 0.369444 0.131250 0.188889
4 0.614844 0.214583 0.120313 0.268056
7 0.514844 0.211111 0.076563 0.113889
3 0.231250 0.145833 0.073438 0.097222
3 0.221875 0.676389 0.079687 0.150000
3 0.428906 0.332639 0.085938 0.184722
3 0.808594 0.100000 0.093750 0.169444
5 0.811719 0.440972 0.087500 0.148611
5 0.707812 0.393750 0.117188 0.170833
5 0.178906 0.241667 0.064062 0.105556
5 0.102344 0.685417 0.165625 0.198611
5 0.721875 0.206944 0.093750 0.141667
