2 0.109375 0.693056 0.209375 0.455556
2 0.918359 0.452778 0.133594 0.363889
0 0.597266 0.423611 0.130469 0.197222
0 0.343750 0.510417 0.132812 0.240278
1 0.908594 0.160417 0.156250 0.226389
1 0.765234 0.769444 0.142969 0.322222
1 0.450000 0.627083 0.195312 0.320833
1 0.294531 0.187500 0.192188 0.188889
4 0.128516 0.118056 0.111719 0.233333
4 0.561328 0.171528 0.100781 0.284722
7 0.460547 0.216667 0.072656 0.108333
7 0.439453 0.066667 0.097656 0.102778
3 0.181250 0.282639 0.084375 0.129167
3 0.389062 0.325694 0.070312 0.131944
3 0.314844 0.786111 0.076563 0.138889
5 0.215625 0.872917 0.140625 0.245833
5 0.485938 0.327083 0.104688 0.156944
5 0.685547 0.311806 0.099219 0.134722
