2 0.936328 0.436806 0.114844 0.331944
1 0.103906 0.228472 0.206250 0.145833
1 0.667969 0.263889 0.217188 0.136111
1 0.233984 0.888194 0.257031 0.223611
1 0.050391 0.718056 0.094531 0.308333
1 0.649219 0.677778 0.165625 0.247222
4 0.388281 0.552778 0.164062 0.330556
7 0.498828 0.597917 0.077344 0.084722
7 0.428125 0.800694 0.082812 0.081944
0 0.489453 0.307639 0.124219 0.159722
0 0.043750 0.419444 0.085938 0.219444
5 0.289453 0.190278 0.085156 0.152778
5 0.437109 0.109028 0.080469 0.198611
5 0.538281 0.129167 0.101562 0.241667
5 0.933594 0.231944 0.110937 0.138889
1 0.893359 0.070833 0.178906 0.138889
2 0.234375 0.052083 0.251563 0.101389
