2 0.088281 0.437500 0.175000 0.391667
2 0.956641 0.522222 0.086719 0.358333
1 0.937500 0.815278 0.118750 0.369444
1 0.668359 0.504861 0.139844 0.309722
1 0.286719 0.593056 0.207813 0.294444
1 0.120313 0.174306 0.132812 0.251389
4 0.387500 0.252778 0.232813 0.227778
0 0.569922 0.327778 0.144531 0.197222
0 0.563672 0.629167 0.142969 0.244444
7 0.362109 0.399306 0.078906 0.126389
7 0.197266 0.365278 0.075781 0.130556
5 0.716797 0.182639 0.135156 0.151389
5 0.759375 0.333333 0.156250 0.200000
5 0.235547 0.160417 0.114844 0.226389
5 0.387109 0.119444 0.124219 0.113889
3 0.898438 0.065972 0.079687 0.112500
3 0.453906 0.513194 0.109375 0.151389
3 0.310156 0.783333 0.098437 0.180556
4 0.118750 0.811111 0.218750 0.219444
