2 0.133984 0.774306 0.261719 0.451389
2 0.916797 0.366667 0.166406 0.405556
0 0.598437 0.418056 0.139063 0.205556
0 0.372656 0.547917 0.140625 0.259722
1 0.816016 0.718750 0.160156 0.376389
1 0.494922 0.620833 0.180469 0.361111
1 0.276562 0.250694 0.231250 0.145833
1 0.873047 0.113889 0.147656 0.225000
4 0.540625 0.177778 0.137500 0.305556
4 0.088672 0.210417 0.122656 0.290278
7 0.440625 0.234028 0.075000 0.115278
7 0.387891 0.086111 0.088281 0.108333
5 0.703906 0.600694 0.165625 0.212500
5 0.767969 0.480556 0.135937 0.197222
