2 0.919531 0.556944 0.139063 0.369444
2 0.101953 0.586111 0.185156 0.447222
0 0.333203 0.464583 0.122656 0.212500
0 0.595313 0.452083 0.132812 0.215278
4 0.587891 0.193750 0.089844 0.306944
5 0.690625 0.176389 0.092188 0.147222
5 0.085938 0.212500 0.085938 0.147222
5 0.490234 0.329167 0.091406 0.161111
5 0.699219 0.359028 0.103125 0.165278
5 0.813281 0.363889 0.109375 0.177778
1 0.430078 0.598611 0.227344 0.297222
1 0.699219 0.830556 0.185938 0.313889
1 0.326172 0.147222 0.177344 0.169444
3 0.266406 0.734722 0.079687 0.144444
3 0.431641 0.397222 0.066406 0.105556
3 0.205859 0.215278 0.083594 0.136111
3 0.757812 0.065972 0.057813 0.106944
0 0.905469 0.075694 0.140625 0.137500
