2 0.080078 0.420139 0.149219 0.315278
2 0.908594 0.686806 0.159375 0.401389
1 0.387500 0.555556 0.204687 0.213889
1 0.149609 0.883333 0.213281 0.208333
1 0.585156 0.865972 0.239063 0.254167
1 0.373437 0.111806 0.160938 0.198611
0 0.049219 0.159028 0.090625 0.156944
0 0.588672 0.477083 0.135156 0.190278
0 0.317188 0.409722 0.117188 0.183333
0 0.943750 0.154861 0.078125 0.123611
4 0.614453 0.234028 0.122656 0.276389
5 0.507422 0.325694 0.103906 0.168056
5 0.706641 0.412500 0.102344 0.169444
5 0.812109 0.443750 0.114844 0.187500
5 0.089063 0.688889 0.150000 0.241667
5 0.398047 0.712500 0.128906 0.175000
5 0.726562 0.226389 0.084375 0.163889
