2 0.112500 0.159028 0.207813 0.251389
2 0.916016 0.200694 0.133594 0.259722
2 0.737109 0.916667 0.241406 0.166667
1 0.570312 0.213889 0.204687 0.225000
1 0.088672 0.422917 0.161719 0.179167
1 0.765234 0.578472 0.214844 0.176389
3 0.653516 0.427778 0.055469 0.108333
3 0.617188 0.386111 0.070312 0.125000
4 0.452734 0.547222 0.078906 0.277778
3 0.248828 0.734028 0.069531 0.145833
3 0.173047 0.803472 0.071094 0.126389
0 0.062891 0.684722 0.113281 0.283333
0 0.454297 0.329167 0.114844 0.125000
5 0.356250 0.163194 0.103125 0.165278
5 0.433203 0.104861 0.082031 0.143056
5 0.233203 0.313194 0.088281 0.123611
5 0.345703 0.427083 0.091406 0.173611
5 0.331250 0.623611 0.084375 0.125000
7 0.569922 0.593056 0.080469 0.088889
7 0.578906 0.828472 0.075000 0.093056
