2 0.083203 0.472917 0.158594 0.362500
2 0.908203 0.658333 0.183594 0.425000
1 0.398047 0.554167 0.217969 0.247222
1 0.359375 0.127778 0.215625 0.244444
1 0.641797 0.843750 0.199219 0.254167
1 0.187109 0.902778 0.271094 0.186111
0 0.596094 0.459722 0.134375 0.177778
0 0.322266 0.423611 0.124219 0.191667
0 0.036328 0.184028 0.071094 0.173611
0 0.934766 0.139583 0.108594 0.168056
4 0.615234 0.213889 0.114844 0.288889
7 0.510547 0.212500 0.075781 0.108333
5 0.176953 0.271528 0.067969 0.101389
5 0.697656 0.384722 0.078125 0.136111
5 0.721484 0.189583 0.094531 0.137500
5 0.493359 0.312500 0.094531 0.158333
5 0.417578 0.747917 0.117969 0.165278
5 0.820703 0.419444 0.110156 0.175000
5 0.119531 0.698611 0.178125 0.219444
