2 0.083594 0.399306 0.160938 0.379167
2 0.968359 0.545833 0.063281 0.347222
1 0.902344 0.251389 0.165625 0.250000
1 0.661328 0.517361 0.121094 0.281944
1 0.265234 0.568056 0.175781 0.277778
1 0.128516 0.154861 0.111719 0.254167
4 0.387891 0.216667 0.194531 0.147222
7 0.371094 0.385417 0.064062 0.104167
7 0.207422 0.345139 0.096094 0.090278
0 0.575000 0.352778 0.117188 0.233333
0 0.554688 0.640278 0.151562 0.272222
2 0.564844 0.918750 0.314063 0.162500
4 0.119531 0.793056 0.228125 0.250000
5 0.733594 0.197917 0.128125 0.143056
5 0.766797 0.351389 0.138281 0.211111
