0 0.323047 0.397222 0.119531 0.133333
0 0.586328 0.462500 0.124219 0.130556
0 0.049609 0.138889 0.082031 0.130556
0 0.954297 0.191667 0.071094 0.136111
1 0.375391 0.099306 0.135156 0.151389
1 0.125000 0.846528 0.192188 0.176389
1 0.392578 0.535417 0.227344 0.137500
1 0.941016 0.436806 0.117969 0.131944
1 0.583203 0.857639 0.199219 0.229167
3 0.212109 0.635417 0.074219 0.101389
3 0.431250 0.383333 0.062500 0.094444
3 0.832812 0.117361 0.092188 0.126389
3 0.419531 0.269444 0.054688 0.066667
2 0.083203 0.386806 0.163281 0.287500
2 0.901563 0.713889 0.176563 0.350000
5 0.701172 0.406250 0.094531 0.109722
5 0.735156 0.225000 0.084375 0.125000
5 0.189844 0.218750 0.070312 0.095833
5 0.084375 0.637500 0.142187 0.186111
5 0.615234 0.668750 0.213281 0.145833
4 0.623828 0.227083 0.119531 0.262500
