2 0.898828 0.710417 0.202344 0.384722
0 0.581250 0.459028 0.126562 0.156944
5 0.737500 0.225694 0.089063 0.115278
5 0.197656 0.207639 0.067187 0.087500
5 0.257812 0.745139 0.101562 0.109722
5 0.694922 0.411806 0.088281 0.151389
5 0.808594 0.458333 0.103125 0.119444
0 0.324219 0.392361 0.117188 0.162500
0 0.049609 0.123611 0.091406 0.147222
0 0.955078 0.207639 0.083594 0.156944
1 0.383984 0.550000 0.227344 0.102778
1 0.380859 0.102083 0.146094 0.156944
1 0.936328 0.431944 0.119531 0.113889
1 0.123047 0.835417 0.183594 0.190278
1 0.571484 0.876389 0.208594 0.094444
