2 0.130078 0.132639 0.238281 0.248611
2 0.931641 0.270139 0.136719 0.304167
2 0.685547 0.915278 0.255469 0.169444
1 0.606641 0.204167 0.180469 0.213889
1 0.080078 0.411111 0.158594 0.247222
1 0.750781 0.620139 0.215625 0.231944
4 0.448047 0.563194 0.094531 0.356944
0 0.466797 0.329167 0.133594 0.138889
0 0.717969 0.329167 0.090625 0.125000
5 0.364453 0.147222 0.116406 0.169444
5 0.450391 0.126389 0.094531 0.180556
5 0.247656 0.300694 0.109375 0.131944
5 0.345703 0.418750 0.100781 0.198611
5 0.562109 0.472222 0.103906 0.163889
7 0.558984 0.597222 0.103906 0.086111
3 0.228906 0.707639 0.068750 0.131944
3 0.155078 0.784722 0.077344 0.122222
3 0.654297 0.439583 0.061719 0.109722
3 0.757422 0.156250 0.066406 0.093056
