2 0.085547 0.521528 0.167969 0.426389
2 0.905859 0.602083 0.183594 0.362500
4 0.610938 0.209722 0.103125 0.308333
1 0.363281 0.139583 0.201563 0.237500
1 0.393750 0.561111 0.210938 0.277778
1 0.187109 0.896528 0.263281 0.179167
1 0.635938 0.854861 0.218750 0.290278
0 0.591797 0.472222 0.147656 0.225000
0 0.325391 0.425694 0.146094 0.201389
0 0.041016 0.202778 0.074219 0.183333
0 0.932422 0.134722 0.117969 0.180556
3 0.787500 0.081250 0.092188 0.134722
3 0.427344 0.360417 0.100000 0.245833
3 0.237891 0.703472 0.091406 0.168056
3 0.219531 0.161111 0.082812 0.116667
7 0.513672 0.211111 0.083594 0.111111
