2 0.083984 0.420139 0.166406 0.398611
2 0.953125 0.532639 0.093750 0.323611
1 0.675000 0.512500 0.165625 0.291667
1 0.891797 0.247917 0.144531 0.234722
1 0.291016 0.578472 0.183594 0.293056
1 0.130078 0.160417 0.124219 0.262500
4 0.387500 0.250000 0.206250 0.219444
4 0.128125 0.779167 0.250000 0.188889
0 0.558203 0.640972 0.132031 0.262500
0 0.576562 0.336806 0.145313 0.201389
5 0.716406 0.194444 0.135937 0.169444
5 0.757422 0.352778 0.149219 0.191667
7 0.373828 0.401389 0.094531 0.138889
7 0.213281 0.354167 0.084375 0.136111
5 0.238281 0.130556 0.087500 0.202778
