2 0.078516 0.376389 0.146094 0.319444
2 0.959375 0.543056 0.081250 0.294444
1 0.662109 0.517361 0.135156 0.281944
1 0.886719 0.268750 0.128125 0.240278
1 0.142187 0.143056 0.150000 0.269444
1 0.270703 0.574306 0.175781 0.298611
4 0.380469 0.228472 0.201563 0.179167
4 0.114453 0.791667 0.227344 0.247222
0 0.570703 0.322917 0.111719 0.165278
0 0.555859 0.626389 0.158594 0.225000
5 0.728906 0.209722 0.134375 0.150000
5 0.754297 0.356944 0.127344 0.197222
7 0.362500 0.370139 0.078125 0.109722
7 0.213281 0.367361 0.096875 0.154167
5 0.244141 0.138889 0.085156 0.227778
3 0.441797 0.504167 0.080469 0.127778
3 0.515625 0.488889 0.073438 0.080556
3 0.288672 0.745833 0.105469 0.161111
5 0.785547 0.570139 0.119531 0.212500
5 0.756250 0.903472 0.121875 0.165278
5 0.356250 0.894444 0.098437 0.186111
2 0.554297 0.909028 0.278906 0.181944
