2 0.101562 0.624306 0.190625 0.348611
2 0.947266 0.592361 0.091406 0.318056
1 0.460156 0.184028 0.082812 0.301389
1 0.174609 0.170139 0.071094 0.315278
1 0.264062 0.823611 0.114062 0.280556
1 0.854688 0.841667 0.090625 0.302778
7 0.810937 0.619444 0.076563 0.097222
0 0.448828 0.422917 0.124219 0.151389
0 0.579688 0.180556 0.118750 0.105556
0 0.430078 0.950694 0.130469 0.093056
5 0.263672 0.386111 0.139844 0.166667
5 0.314063 0.615972 0.126562 0.156944
5 0.301563 0.261806 0.131250 0.140278
5 0.595313 0.387500 0.081250 0.086111
3 0.575391 0.288889 0.077344 0.105556
3 0.645312 0.304167 0.053125 0.108333
3 0.817578 0.168056 0.066406 0.097222
4 0.941406 0.239583 0.092188 0.187500
1 0.798828 0.342361 0.182031 0.226389
