2 0.122656 0.152083 0.225000 0.254167
2 0.922656 0.233333 0.154688 0.325000
1 0.600000 0.204167 0.176563 0.236111
1 0.748047 0.609722 0.221094 0.216667
1 0.084375 0.405556 0.160938 0.177778
1 0.124609 0.913194 0.127344 0.173611
0 0.064062 0.684028 0.117188 0.259722
0 0.455078 0.331944 0.111719 0.150000
0 0.732031 0.312500 0.067187 0.138889
5 0.352734 0.160417 0.100781 0.181944
5 0.452734 0.142361 0.121094 0.229167
5 0.346094 0.411806 0.089063 0.168056
5 0.341406 0.648611 0.106250 0.186111
3 0.244922 0.708333 0.067969 0.133333
3 0.173437 0.788889 0.081250 0.113889
3 0.251172 0.871528 0.069531 0.109722
3 0.611719 0.372917 0.062500 0.112500
3 0.742188 0.154861 0.067187 0.118056
7 0.566797 0.607639 0.085156 0.101389
7 0.570703 0.818750 0.063281 0.070833
2 0.713672 0.904167 0.207031 0.175000
