2 0.095312 0.529167 0.189062 0.447222
2 0.915234 0.604861 0.169531 0.368056
1 0.421484 0.547222 0.239844 0.163889
1 0.352734 0.132639 0.185156 0.226389
1 0.925391 0.312500 0.135156 0.202778
1 0.650781 0.850694 0.232813 0.234722
1 0.207813 0.915972 0.279687 0.168056
0 0.592969 0.441667 0.145313 0.177778
0 0.331641 0.425000 0.139844 0.177778
0 0.036328 0.204861 0.064844 0.165278
0 0.926953 0.125000 0.122656 0.158333
4 0.598828 0.203472 0.107031 0.312500
5 0.502734 0.334028 0.124219 0.184722
5 0.698438 0.368056 0.101562 0.163889
5 0.176563 0.268056 0.076563 0.100000
5 0.700781 0.189583 0.084375 0.140278
5 0.423828 0.738194 0.107031 0.156944
5 0.310156 0.795833 0.132812 0.158333
3 0.420703 0.338889 0.094531 0.213889
3 0.220312 0.170833 0.070312 0.116667
